
-22.563835337
-22.5376554379
-22.6737515018
-22.5290026055
-22.5352541213
-22.5615696909
-22.5233720206
-22.5531133544
-22.656483267
-22.6345085456
-22.3320707565
-22.3382421671
-22.612443324
-22.5006435058
-22.6179556469
-22.4233955255
-22.5130282349
-22.690587575
-22.1608895463
-22.4996465246
-21.8317854402
-22.4218485498
-22.7066873948
-22.5075184285
-22.5435488695
-22.5612635009
-22.1767839386
-22.3385933487
-21.5455674059
-22.6390516817
-22.5973226756
-22.3055750409
-22.1208258284
-22.282614095
-22.6700660558
-21.9088439847
-21.9597667404
-22.690455818
-22.4918776462
-22.6489487906
-22.692206797
-22.6950160155
-22.5320852278
-22.1040385681
-22.6749930858
-22.0452555681
-22.4062801745
-22.5681380166
-22.6789781881
-22.5861141652
-22.5848803291
-22.6876252801
-22.6273407391
-22.707253753
-22.6886307013
-22.6690690062
-22.5002664517
-22.5540115433
-22.5116640639
-22.6336199458
-22.7023900707
-22.6769270986
-22.4927379927
-22.4922395704
-21.9083150151
-22.5100013157
-22.0074477441
-22.6173823239
-22.6977003593
-22.7017676606
-22.5609846358
-22.5078251957
-22.4834914786
-22.6315130517
-22.2733561494
-22.6101437768
-22.6337155479
-22.5740501888
-22.6868832906
-22.6916217845
-22.6725173776
-22.6860198897
-22.4940478461
-22.658652483
-22.3005921473
-22.3899472689
-22.5031946254
-22.6014117188
-22.0572077164
-22.6892991859
-22.4896477235
-22.5507536847
-22.5834338511
-22.4226445925
-22.2121160635
-22.0662805521
-21.5157670688
-22.5470404155
-21.828313496
-22.2430715424